Page Rank Results:
Items that don't add up to kinda 1 are the issue. (see the numbers under the Array)

1.
[[  1.73964497e-01   8.26035503e-01   0.00000000e+00   6.84548964e-23
    0.00000000e+00   0.00000000e+00   3.86918980e-23   0.00000000e+00
    0.00000000e+00   0.00000000e+00   0.00000000e+00   0.00000000e+00
    0.00000000e+00]]
1.0

2.
[[ 0.81481481  0.          0.          0.          0.07407407  0.          0.
   0.          0.        ]]
0.888888888889

3.
[[ 0.35744123  0.51404759  0.          0.          0.          0.          0.
   0.          0.          0.          0.04283706  0.          0.
   0.08567412  0.        ]]
1.00000000318

4.
[[ 0.88  0.    0.    0.    0.    0.    0.    0.    0.    0.02]]
0.9

5.
[[  1.42857143e-01   5.63472075e-32   0.00000000e+00   0.00000000e+00
    0.00000000e+00   0.00000000e+00   0.00000000e+00   0.00000000e+00
    0.00000000e+00   5.71428571e-01   0.00000000e+00   0.00000000e+00
    2.85714286e-01   0.00000000e+00]]
1.0

6.
[[  5.80357142e-01   1.76785714e-01   0.00000000e+00   0.00000000e+00
    1.12694415e-32   0.00000000e+00   1.31852466e-30   0.00000000e+00
    0.00000000e+00   0.00000000e+00   0.00000000e+00   6.07142856e-02
    0.00000000e+00   0.00000000e+00   0.00000000e+00   4.50777660e-32
    2.62484075e-30   2.81736038e-32   0.00000000e+00   0.00000000e+00
    0.00000000e+00   6.92973285e-50   0.00000000e+00   0.00000000e+00
    0.00000000e+00   0.00000000e+00   1.82142857e-01   0.00000000e+00]]
0.999999998216

7.
[[ 0.07692308  0.          0.          0.          0.46153846  0.          0.
   0.46153846  0.          0.          0.          0.          0.        ]]
1.0

8.
[[ 0.11225625  0.16632354  0.20780769  0.          0.02597596  0.01851442
   0.24638754  0.1446369   0.          0.          0.0716037   0.          0.
   0.00649399  0.        ]]
1.00000000174

9.
[[ 0.56589147  0.3255814   0.          0.05426357  0.          0.          0.
   0.          0.          0.          0.          0.          0.          0.
   0.05426357  0.        ]]
1.00000000321

10.
[[ 0.  0.  0.  0.  0.  0.  0.  0.  0.  0.  0.  0.]]
0.0
